9 1 90 10 900 100 
0 2 91 11 901 101 
1 3 92 12 902 102 
2 4 93 13 903 103 
3 5 94 14 904 104 
4 6 95 15 905 105 
5 7 96 16 906 106 
6 8 97 17 907 107 
7 9 98 18 908 108 
8 0 99 19 909 109 
19 11 0 20 910 110 
10 12 1 21 911 111 
11 13 2 22 912 112 
12 14 3 23 913 113 
13 15 4 24 914 114 
14 16 5 25 915 115 
15 17 6 26 916 116 
16 18 7 27 917 117 
17 19 8 28 918 118 
18 10 9 29 919 119 
29 21 10 30 920 120 
20 22 11 31 921 121 
21 23 12 32 922 122 
22 24 13 33 923 123 
23 25 14 34 924 124 
24 26 15 35 925 125 
25 27 16 36 926 126 
26 28 17 37 927 127 
27 29 18 38 928 128 
28 20 19 39 929 129 
39 31 20 40 930 130 
30 32 21 41 931 131 
31 33 22 42 932 132 
32 34 23 43 933 133 
33 35 24 44 934 134 
34 36 25 45 935 135 
35 37 26 46 936 136 
36 38 27 47 937 137 
37 39 28 48 938 138 
38 30 29 49 939 139 
49 41 30 50 940 140 
40 42 31 51 941 141 
41 43 32 52 942 142 
42 44 33 53 943 143 
43 45 34 54 944 144 
44 46 35 55 945 145 
45 47 36 56 946 146 
46 48 37 57 947 147 
47 49 38 58 948 148 
48 40 39 59 949 149 
59 51 40 60 950 150 
50 52 41 61 951 151 
51 53 42 62 952 152 
52 54 43 63 953 153 
53 55 44 64 954 154 
54 56 45 65 955 155 
55 57 46 66 956 156 
56 58 47 67 957 157 
57 59 48 68 958 158 
58 50 49 69 959 159 
69 61 50 70 960 160 
60 62 51 71 961 161 
61 63 52 72 962 162 
62 64 53 73 963 163 
63 65 54 74 964 164 
64 66 55 75 965 165 
65 67 56 76 966 166 
66 68 57 77 967 167 
67 69 58 78 968 168 
68 60 59 79 969 169 
79 71 60 80 970 170 
70 72 61 81 971 171 
71 73 62 82 972 172 
72 74 63 83 973 173 
73 75 64 84 974 174 
74 76 65 85 975 175 
75 77 66 86 976 176 
76 78 67 87 977 177 
77 79 68 88 978 178 
78 70 69 89 979 179 
89 81 70 90 980 180 
80 82 71 91 981 181 
81 83 72 92 982 182 
82 84 73 93 983 183 
83 85 74 94 984 184 
84 86 75 95 985 185 
85 87 76 96 986 186 
86 88 77 97 987 187 
87 89 78 98 988 188 
88 80 79 99 989 189 
99 91 80 0 990 190 
90 92 81 1 991 191 
91 93 82 2 992 192 
92 94 83 3 993 193 
93 95 84 4 994 194 
94 96 85 5 995 195 
95 97 86 6 996 196 
96 98 87 7 997 197 
97 99 88 8 998 198 
98 90 89 9 999 199 
109 101 190 110 0 200 
100 102 191 111 1 201 
101 103 192 112 2 202 
102 104 193 113 3 203 
103 105 194 114 4 204 
104 106 195 115 5 205 
105 107 196 116 6 206 
106 108 197 117 7 207 
107 109 198 118 8 208 
108 100 199 119 9 209 
119 111 100 120 10 210 
110 112 101 121 11 211 
111 113 102 122 12 212 
112 114 103 123 13 213 
113 115 104 124 14 214 
114 116 105 125 15 215 
115 117 106 126 16 216 
116 118 107 127 17 217 
117 119 108 128 18 218 
118 110 109 129 19 219 
129 121 110 130 20 220 
120 122 111 131 21 221 
121 123 112 132 22 222 
122 124 113 133 23 223 
123 125 114 134 24 224 
124 126 115 135 25 225 
125 127 116 136 26 226 
126 128 117 137 27 227 
127 129 118 138 28 228 
128 120 119 139 29 229 
139 131 120 140 30 230 
130 132 121 141 31 231 
131 133 122 142 32 232 
132 134 123 143 33 233 
133 135 124 144 34 234 
134 136 125 145 35 235 
135 137 126 146 36 236 
136 138 127 147 37 237 
137 139 128 148 38 238 
138 130 129 149 39 239 
149 141 130 150 40 240 
140 142 131 151 41 241 
141 143 132 152 42 242 
142 144 133 153 43 243 
143 145 134 154 44 244 
144 146 135 155 45 245 
145 147 136 156 46 246 
146 148 137 157 47 247 
147 149 138 158 48 248 
148 140 139 159 49 249 
159 151 140 160 50 250 
150 152 141 161 51 251 
151 153 142 162 52 252 
152 154 143 163 53 253 
153 155 144 164 54 254 
154 156 145 165 55 255 
155 157 146 166 56 256 
156 158 147 167 57 257 
157 159 148 168 58 258 
158 150 149 169 59 259 
169 161 150 170 60 260 
160 162 151 171 61 261 
161 163 152 172 62 262 
162 164 153 173 63 263 
163 165 154 174 64 264 
164 166 155 175 65 265 
165 167 156 176 66 266 
166 168 157 177 67 267 
167 169 158 178 68 268 
168 160 159 179 69 269 
179 171 160 180 70 270 
170 172 161 181 71 271 
171 173 162 182 72 272 
172 174 163 183 73 273 
173 175 164 184 74 274 
174 176 165 185 75 275 
175 177 166 186 76 276 
176 178 167 187 77 277 
177 179 168 188 78 278 
178 170 169 189 79 279 
189 181 170 190 80 280 
180 182 171 191 81 281 
181 183 172 192 82 282 
182 184 173 193 83 283 
183 185 174 194 84 284 
184 186 175 195 85 285 
185 187 176 196 86 286 
186 188 177 197 87 287 
187 189 178 198 88 288 
188 180 179 199 89 289 
199 191 180 100 90 290 
190 192 181 101 91 291 
191 193 182 102 92 292 
192 194 183 103 93 293 
193 195 184 104 94 294 
194 196 185 105 95 295 
195 197 186 106 96 296 
196 198 187 107 97 297 
197 199 188 108 98 298 
198 190 189 109 99 299 
209 201 290 210 100 300 
200 202 291 211 101 301 
201 203 292 212 102 302 
202 204 293 213 103 303 
203 205 294 214 104 304 
204 206 295 215 105 305 
205 207 296 216 106 306 
206 208 297 217 107 307 
207 209 298 218 108 308 
208 200 299 219 109 309 
219 211 200 220 110 310 
210 212 201 221 111 311 
211 213 202 222 112 312 
212 214 203 223 113 313 
213 215 204 224 114 314 
214 216 205 225 115 315 
215 217 206 226 116 316 
216 218 207 227 117 317 
217 219 208 228 118 318 
218 210 209 229 119 319 
229 221 210 230 120 320 
220 222 211 231 121 321 
221 223 212 232 122 322 
222 224 213 233 123 323 
223 225 214 234 124 324 
224 226 215 235 125 325 
225 227 216 236 126 326 
226 228 217 237 127 327 
227 229 218 238 128 328 
228 220 219 239 129 329 
239 231 220 240 130 330 
230 232 221 241 131 331 
231 233 222 242 132 332 
232 234 223 243 133 333 
233 235 224 244 134 334 
234 236 225 245 135 335 
235 237 226 246 136 336 
236 238 227 247 137 337 
237 239 228 248 138 338 
238 230 229 249 139 339 
249 241 230 250 140 340 
240 242 231 251 141 341 
241 243 232 252 142 342 
242 244 233 253 143 343 
243 245 234 254 144 344 
244 246 235 255 145 345 
245 247 236 256 146 346 
246 248 237 257 147 347 
247 249 238 258 148 348 
248 240 239 259 149 349 
259 251 240 260 150 350 
250 252 241 261 151 351 
251 253 242 262 152 352 
252 254 243 263 153 353 
253 255 244 264 154 354 
254 256 245 265 155 355 
255 257 246 266 156 356 
256 258 247 267 157 357 
257 259 248 268 158 358 
258 250 249 269 159 359 
269 261 250 270 160 360 
260 262 251 271 161 361 
261 263 252 272 162 362 
262 264 253 273 163 363 
263 265 254 274 164 364 
264 266 255 275 165 365 
265 267 256 276 166 366 
266 268 257 277 167 367 
267 269 258 278 168 368 
268 260 259 279 169 369 
279 271 260 280 170 370 
270 272 261 281 171 371 
271 273 262 282 172 372 
272 274 263 283 173 373 
273 275 264 284 174 374 
274 276 265 285 175 375 
275 277 266 286 176 376 
276 278 267 287 177 377 
277 279 268 288 178 378 
278 270 269 289 179 379 
289 281 270 290 180 380 
280 282 271 291 181 381 
281 283 272 292 182 382 
282 284 273 293 183 383 
283 285 274 294 184 384 
284 286 275 295 185 385 
285 287 276 296 186 386 
286 288 277 297 187 387 
287 289 278 298 188 388 
288 280 279 299 189 389 
299 291 280 200 190 390 
290 292 281 201 191 391 
291 293 282 202 192 392 
292 294 283 203 193 393 
293 295 284 204 194 394 
294 296 285 205 195 395 
295 297 286 206 196 396 
296 298 287 207 197 397 
297 299 288 208 198 398 
298 290 289 209 199 399 
309 301 390 310 200 400 
300 302 391 311 201 401 
301 303 392 312 202 402 
302 304 393 313 203 403 
303 305 394 314 204 404 
304 306 395 315 205 405 
305 307 396 316 206 406 
306 308 397 317 207 407 
307 309 398 318 208 408 
308 300 399 319 209 409 
319 311 300 320 210 410 
310 312 301 321 211 411 
311 313 302 322 212 412 
312 314 303 323 213 413 
313 315 304 324 214 414 
314 316 305 325 215 415 
315 317 306 326 216 416 
316 318 307 327 217 417 
317 319 308 328 218 418 
318 310 309 329 219 419 
329 321 310 330 220 420 
320 322 311 331 221 421 
321 323 312 332 222 422 
322 324 313 333 223 423 
323 325 314 334 224 424 
324 326 315 335 225 425 
325 327 316 336 226 426 
326 328 317 337 227 427 
327 329 318 338 228 428 
328 320 319 339 229 429 
339 331 320 340 230 430 
330 332 321 341 231 431 
331 333 322 342 232 432 
332 334 323 343 233 433 
333 335 324 344 234 434 
334 336 325 345 235 435 
335 337 326 346 236 436 
336 338 327 347 237 437 
337 339 328 348 238 438 
338 330 329 349 239 439 
349 341 330 350 240 440 
340 342 331 351 241 441 
341 343 332 352 242 442 
342 344 333 353 243 443 
343 345 334 354 244 444 
344 346 335 355 245 445 
345 347 336 356 246 446 
346 348 337 357 247 447 
347 349 338 358 248 448 
348 340 339 359 249 449 
359 351 340 360 250 450 
350 352 341 361 251 451 
351 353 342 362 252 452 
352 354 343 363 253 453 
353 355 344 364 254 454 
354 356 345 365 255 455 
355 357 346 366 256 456 
356 358 347 367 257 457 
357 359 348 368 258 458 
358 350 349 369 259 459 
369 361 350 370 260 460 
360 362 351 371 261 461 
361 363 352 372 262 462 
362 364 353 373 263 463 
363 365 354 374 264 464 
364 366 355 375 265 465 
365 367 356 376 266 466 
366 368 357 377 267 467 
367 369 358 378 268 468 
368 360 359 379 269 469 
379 371 360 380 270 470 
370 372 361 381 271 471 
371 373 362 382 272 472 
372 374 363 383 273 473 
373 375 364 384 274 474 
374 376 365 385 275 475 
375 377 366 386 276 476 
376 378 367 387 277 477 
377 379 368 388 278 478 
378 370 369 389 279 479 
389 381 370 390 280 480 
380 382 371 391 281 481 
381 383 372 392 282 482 
382 384 373 393 283 483 
383 385 374 394 284 484 
384 386 375 395 285 485 
385 387 376 396 286 486 
386 388 377 397 287 487 
387 389 378 398 288 488 
388 380 379 399 289 489 
399 391 380 300 290 490 
390 392 381 301 291 491 
391 393 382 302 292 492 
392 394 383 303 293 493 
393 395 384 304 294 494 
394 396 385 305 295 495 
395 397 386 306 296 496 
396 398 387 307 297 497 
397 399 388 308 298 498 
398 390 389 309 299 499 
409 401 490 410 300 500 
400 402 491 411 301 501 
401 403 492 412 302 502 
402 404 493 413 303 503 
403 405 494 414 304 504 
404 406 495 415 305 505 
405 407 496 416 306 506 
406 408 497 417 307 507 
407 409 498 418 308 508 
408 400 499 419 309 509 
419 411 400 420 310 510 
410 412 401 421 311 511 
411 413 402 422 312 512 
412 414 403 423 313 513 
413 415 404 424 314 514 
414 416 405 425 315 515 
415 417 406 426 316 516 
416 418 407 427 317 517 
417 419 408 428 318 518 
418 410 409 429 319 519 
429 421 410 430 320 520 
420 422 411 431 321 521 
421 423 412 432 322 522 
422 424 413 433 323 523 
423 425 414 434 324 524 
424 426 415 435 325 525 
425 427 416 436 326 526 
426 428 417 437 327 527 
427 429 418 438 328 528 
428 420 419 439 329 529 
439 431 420 440 330 530 
430 432 421 441 331 531 
431 433 422 442 332 532 
432 434 423 443 333 533 
433 435 424 444 334 534 
434 436 425 445 335 535 
435 437 426 446 336 536 
436 438 427 447 337 537 
437 439 428 448 338 538 
438 430 429 449 339 539 
449 441 430 450 340 540 
440 442 431 451 341 541 
441 443 432 452 342 542 
442 444 433 453 343 543 
443 445 434 454 344 544 
444 446 435 455 345 545 
445 447 436 456 346 546 
446 448 437 457 347 547 
447 449 438 458 348 548 
448 440 439 459 349 549 
459 451 440 460 350 550 
450 452 441 461 351 551 
451 453 442 462 352 552 
452 454 443 463 353 553 
453 455 444 464 354 554 
454 456 445 465 355 555 
455 457 446 466 356 556 
456 458 447 467 357 557 
457 459 448 468 358 558 
458 450 449 469 359 559 
469 461 450 470 360 560 
460 462 451 471 361 561 
461 463 452 472 362 562 
462 464 453 473 363 563 
463 465 454 474 364 564 
464 466 455 475 365 565 
465 467 456 476 366 566 
466 468 457 477 367 567 
467 469 458 478 368 568 
468 460 459 479 369 569 
479 471 460 480 370 570 
470 472 461 481 371 571 
471 473 462 482 372 572 
472 474 463 483 373 573 
473 475 464 484 374 574 
474 476 465 485 375 575 
475 477 466 486 376 576 
476 478 467 487 377 577 
477 479 468 488 378 578 
478 470 469 489 379 579 
489 481 470 490 380 580 
480 482 471 491 381 581 
481 483 472 492 382 582 
482 484 473 493 383 583 
483 485 474 494 384 584 
484 486 475 495 385 585 
485 487 476 496 386 586 
486 488 477 497 387 587 
487 489 478 498 388 588 
488 480 479 499 389 589 
499 491 480 400 390 590 
490 492 481 401 391 591 
491 493 482 402 392 592 
492 494 483 403 393 593 
493 495 484 404 394 594 
494 496 485 405 395 595 
495 497 486 406 396 596 
496 498 487 407 397 597 
497 499 488 408 398 598 
498 490 489 409 399 599 
509 501 590 510 400 600 
500 502 591 511 401 601 
501 503 592 512 402 602 
502 504 593 513 403 603 
503 505 594 514 404 604 
504 506 595 515 405 605 
505 507 596 516 406 606 
506 508 597 517 407 607 
507 509 598 518 408 608 
508 500 599 519 409 609 
519 511 500 520 410 610 
510 512 501 521 411 611 
511 513 502 522 412 612 
512 514 503 523 413 613 
513 515 504 524 414 614 
514 516 505 525 415 615 
515 517 506 526 416 616 
516 518 507 527 417 617 
517 519 508 528 418 618 
518 510 509 529 419 619 
529 521 510 530 420 620 
520 522 511 531 421 621 
521 523 512 532 422 622 
522 524 513 533 423 623 
523 525 514 534 424 624 
524 526 515 535 425 625 
525 527 516 536 426 626 
526 528 517 537 427 627 
527 529 518 538 428 628 
528 520 519 539 429 629 
539 531 520 540 430 630 
530 532 521 541 431 631 
531 533 522 542 432 632 
532 534 523 543 433 633 
533 535 524 544 434 634 
534 536 525 545 435 635 
535 537 526 546 436 636 
536 538 527 547 437 637 
537 539 528 548 438 638 
538 530 529 549 439 639 
549 541 530 550 440 640 
540 542 531 551 441 641 
541 543 532 552 442 642 
542 544 533 553 443 643 
543 545 534 554 444 644 
544 546 535 555 445 645 
545 547 536 556 446 646 
546 548 537 557 447 647 
547 549 538 558 448 648 
548 540 539 559 449 649 
559 551 540 560 450 650 
550 552 541 561 451 651 
551 553 542 562 452 652 
552 554 543 563 453 653 
553 555 544 564 454 654 
554 556 545 565 455 655 
555 557 546 566 456 656 
556 558 547 567 457 657 
557 559 548 568 458 658 
558 550 549 569 459 659 
569 561 550 570 460 660 
560 562 551 571 461 661 
561 563 552 572 462 662 
562 564 553 573 463 663 
563 565 554 574 464 664 
564 566 555 575 465 665 
565 567 556 576 466 666 
566 568 557 577 467 667 
567 569 558 578 468 668 
568 560 559 579 469 669 
579 571 560 580 470 670 
570 572 561 581 471 671 
571 573 562 582 472 672 
572 574 563 583 473 673 
573 575 564 584 474 674 
574 576 565 585 475 675 
575 577 566 586 476 676 
576 578 567 587 477 677 
577 579 568 588 478 678 
578 570 569 589 479 679 
589 581 570 590 480 680 
580 582 571 591 481 681 
581 583 572 592 482 682 
582 584 573 593 483 683 
583 585 574 594 484 684 
584 586 575 595 485 685 
585 587 576 596 486 686 
586 588 577 597 487 687 
587 589 578 598 488 688 
588 580 579 599 489 689 
599 591 580 500 490 690 
590 592 581 501 491 691 
591 593 582 502 492 692 
592 594 583 503 493 693 
593 595 584 504 494 694 
594 596 585 505 495 695 
595 597 586 506 496 696 
596 598 587 507 497 697 
597 599 588 508 498 698 
598 590 589 509 499 699 
609 601 690 610 500 700 
600 602 691 611 501 701 
601 603 692 612 502 702 
602 604 693 613 503 703 
603 605 694 614 504 704 
604 606 695 615 505 705 
605 607 696 616 506 706 
606 608 697 617 507 707 
607 609 698 618 508 708 
608 600 699 619 509 709 
619 611 600 620 510 710 
610 612 601 621 511 711 
611 613 602 622 512 712 
612 614 603 623 513 713 
613 615 604 624 514 714 
614 616 605 625 515 715 
615 617 606 626 516 716 
616 618 607 627 517 717 
617 619 608 628 518 718 
618 610 609 629 519 719 
629 621 610 630 520 720 
620 622 611 631 521 721 
621 623 612 632 522 722 
622 624 613 633 523 723 
623 625 614 634 524 724 
624 626 615 635 525 725 
625 627 616 636 526 726 
626 628 617 637 527 727 
627 629 618 638 528 728 
628 620 619 639 529 729 
639 631 620 640 530 730 
630 632 621 641 531 731 
631 633 622 642 532 732 
632 634 623 643 533 733 
633 635 624 644 534 734 
634 636 625 645 535 735 
635 637 626 646 536 736 
636 638 627 647 537 737 
637 639 628 648 538 738 
638 630 629 649 539 739 
649 641 630 650 540 740 
640 642 631 651 541 741 
641 643 632 652 542 742 
642 644 633 653 543 743 
643 645 634 654 544 744 
644 646 635 655 545 745 
645 647 636 656 546 746 
646 648 637 657 547 747 
647 649 638 658 548 748 
648 640 639 659 549 749 
659 651 640 660 550 750 
650 652 641 661 551 751 
651 653 642 662 552 752 
652 654 643 663 553 753 
653 655 644 664 554 754 
654 656 645 665 555 755 
655 657 646 666 556 756 
656 658 647 667 557 757 
657 659 648 668 558 758 
658 650 649 669 559 759 
669 661 650 670 560 760 
660 662 651 671 561 761 
661 663 652 672 562 762 
662 664 653 673 563 763 
663 665 654 674 564 764 
664 666 655 675 565 765 
665 667 656 676 566 766 
666 668 657 677 567 767 
667 669 658 678 568 768 
668 660 659 679 569 769 
679 671 660 680 570 770 
670 672 661 681 571 771 
671 673 662 682 572 772 
672 674 663 683 573 773 
673 675 664 684 574 774 
674 676 665 685 575 775 
675 677 666 686 576 776 
676 678 667 687 577 777 
677 679 668 688 578 778 
678 670 669 689 579 779 
689 681 670 690 580 780 
680 682 671 691 581 781 
681 683 672 692 582 782 
682 684 673 693 583 783 
683 685 674 694 584 784 
684 686 675 695 585 785 
685 687 676 696 586 786 
686 688 677 697 587 787 
687 689 678 698 588 788 
688 680 679 699 589 789 
699 691 680 600 590 790 
690 692 681 601 591 791 
691 693 682 602 592 792 
692 694 683 603 593 793 
693 695 684 604 594 794 
694 696 685 605 595 795 
695 697 686 606 596 796 
696 698 687 607 597 797 
697 699 688 608 598 798 
698 690 689 609 599 799 
709 701 790 710 600 800 
700 702 791 711 601 801 
701 703 792 712 602 802 
702 704 793 713 603 803 
703 705 794 714 604 804 
704 706 795 715 605 805 
705 707 796 716 606 806 
706 708 797 717 607 807 
707 709 798 718 608 808 
708 700 799 719 609 809 
719 711 700 720 610 810 
710 712 701 721 611 811 
711 713 702 722 612 812 
712 714 703 723 613 813 
713 715 704 724 614 814 
714 716 705 725 615 815 
715 717 706 726 616 816 
716 718 707 727 617 817 
717 719 708 728 618 818 
718 710 709 729 619 819 
729 721 710 730 620 820 
720 722 711 731 621 821 
721 723 712 732 622 822 
722 724 713 733 623 823 
723 725 714 734 624 824 
724 726 715 735 625 825 
725 727 716 736 626 826 
726 728 717 737 627 827 
727 729 718 738 628 828 
728 720 719 739 629 829 
739 731 720 740 630 830 
730 732 721 741 631 831 
731 733 722 742 632 832 
732 734 723 743 633 833 
733 735 724 744 634 834 
734 736 725 745 635 835 
735 737 726 746 636 836 
736 738 727 747 637 837 
737 739 728 748 638 838 
738 730 729 749 639 839 
749 741 730 750 640 840 
740 742 731 751 641 841 
741 743 732 752 642 842 
742 744 733 753 643 843 
743 745 734 754 644 844 
744 746 735 755 645 845 
745 747 736 756 646 846 
746 748 737 757 647 847 
747 749 738 758 648 848 
748 740 739 759 649 849 
759 751 740 760 650 850 
750 752 741 761 651 851 
751 753 742 762 652 852 
752 754 743 763 653 853 
753 755 744 764 654 854 
754 756 745 765 655 855 
755 757 746 766 656 856 
756 758 747 767 657 857 
757 759 748 768 658 858 
758 750 749 769 659 859 
769 761 750 770 660 860 
760 762 751 771 661 861 
761 763 752 772 662 862 
762 764 753 773 663 863 
763 765 754 774 664 864 
764 766 755 775 665 865 
765 767 756 776 666 866 
766 768 757 777 667 867 
767 769 758 778 668 868 
768 760 759 779 669 869 
779 771 760 780 670 870 
770 772 761 781 671 871 
771 773 762 782 672 872 
772 774 763 783 673 873 
773 775 764 784 674 874 
774 776 765 785 675 875 
775 777 766 786 676 876 
776 778 767 787 677 877 
777 779 768 788 678 878 
778 770 769 789 679 879 
789 781 770 790 680 880 
780 782 771 791 681 881 
781 783 772 792 682 882 
782 784 773 793 683 883 
783 785 774 794 684 884 
784 786 775 795 685 885 
785 787 776 796 686 886 
786 788 777 797 687 887 
787 789 778 798 688 888 
788 780 779 799 689 889 
799 791 780 700 690 890 
790 792 781 701 691 891 
791 793 782 702 692 892 
792 794 783 703 693 893 
793 795 784 704 694 894 
794 796 785 705 695 895 
795 797 786 706 696 896 
796 798 787 707 697 897 
797 799 788 708 698 898 
798 790 789 709 699 899 
809 801 890 810 700 900 
800 802 891 811 701 901 
801 803 892 812 702 902 
802 804 893 813 703 903 
803 805 894 814 704 904 
804 806 895 815 705 905 
805 807 896 816 706 906 
806 808 897 817 707 907 
807 809 898 818 708 908 
808 800 899 819 709 909 
819 811 800 820 710 910 
810 812 801 821 711 911 
811 813 802 822 712 912 
812 814 803 823 713 913 
813 815 804 824 714 914 
814 816 805 825 715 915 
815 817 806 826 716 916 
816 818 807 827 717 917 
817 819 808 828 718 918 
818 810 809 829 719 919 
829 821 810 830 720 920 
820 822 811 831 721 921 
821 823 812 832 722 922 
822 824 813 833 723 923 
823 825 814 834 724 924 
824 826 815 835 725 925 
825 827 816 836 726 926 
826 828 817 837 727 927 
827 829 818 838 728 928 
828 820 819 839 729 929 
839 831 820 840 730 930 
830 832 821 841 731 931 
831 833 822 842 732 932 
832 834 823 843 733 933 
833 835 824 844 734 934 
834 836 825 845 735 935 
835 837 826 846 736 936 
836 838 827 847 737 937 
837 839 828 848 738 938 
838 830 829 849 739 939 
849 841 830 850 740 940 
840 842 831 851 741 941 
841 843 832 852 742 942 
842 844 833 853 743 943 
843 845 834 854 744 944 
844 846 835 855 745 945 
845 847 836 856 746 946 
846 848 837 857 747 947 
847 849 838 858 748 948 
848 840 839 859 749 949 
859 851 840 860 750 950 
850 852 841 861 751 951 
851 853 842 862 752 952 
852 854 843 863 753 953 
853 855 844 864 754 954 
854 856 845 865 755 955 
855 857 846 866 756 956 
856 858 847 867 757 957 
857 859 848 868 758 958 
858 850 849 869 759 959 
869 861 850 870 760 960 
860 862 851 871 761 961 
861 863 852 872 762 962 
862 864 853 873 763 963 
863 865 854 874 764 964 
864 866 855 875 765 965 
865 867 856 876 766 966 
866 868 857 877 767 967 
867 869 858 878 768 968 
868 860 859 879 769 969 
879 871 860 880 770 970 
870 872 861 881 771 971 
871 873 862 882 772 972 
872 874 863 883 773 973 
873 875 864 884 774 974 
874 876 865 885 775 975 
875 877 866 886 776 976 
876 878 867 887 777 977 
877 879 868 888 778 978 
878 870 869 889 779 979 
889 881 870 890 780 980 
880 882 871 891 781 981 
881 883 872 892 782 982 
882 884 873 893 783 983 
883 885 874 894 784 984 
884 886 875 895 785 985 
885 887 876 896 786 986 
886 888 877 897 787 987 
887 889 878 898 788 988 
888 880 879 899 789 989 
899 891 880 800 790 990 
890 892 881 801 791 991 
891 893 882 802 792 992 
892 894 883 803 793 993 
893 895 884 804 794 994 
894 896 885 805 795 995 
895 897 886 806 796 996 
896 898 887 807 797 997 
897 899 888 808 798 998 
898 890 889 809 799 999 
909 901 990 910 800 0 
900 902 991 911 801 1 
901 903 992 912 802 2 
902 904 993 913 803 3 
903 905 994 914 804 4 
904 906 995 915 805 5 
905 907 996 916 806 6 
906 908 997 917 807 7 
907 909 998 918 808 8 
908 900 999 919 809 9 
919 911 900 920 810 10 
910 912 901 921 811 11 
911 913 902 922 812 12 
912 914 903 923 813 13 
913 915 904 924 814 14 
914 916 905 925 815 15 
915 917 906 926 816 16 
916 918 907 927 817 17 
917 919 908 928 818 18 
918 910 909 929 819 19 
929 921 910 930 820 20 
920 922 911 931 821 21 
921 923 912 932 822 22 
922 924 913 933 823 23 
923 925 914 934 824 24 
924 926 915 935 825 25 
925 927 916 936 826 26 
926 928 917 937 827 27 
927 929 918 938 828 28 
928 920 919 939 829 29 
939 931 920 940 830 30 
930 932 921 941 831 31 
931 933 922 942 832 32 
932 934 923 943 833 33 
933 935 924 944 834 34 
934 936 925 945 835 35 
935 937 926 946 836 36 
936 938 927 947 837 37 
937 939 928 948 838 38 
938 930 929 949 839 39 
949 941 930 950 840 40 
940 942 931 951 841 41 
941 943 932 952 842 42 
942 944 933 953 843 43 
943 945 934 954 844 44 
944 946 935 955 845 45 
945 947 936 956 846 46 
946 948 937 957 847 47 
947 949 938 958 848 48 
948 940 939 959 849 49 
959 951 940 960 850 50 
950 952 941 961 851 51 
951 953 942 962 852 52 
952 954 943 963 853 53 
953 955 944 964 854 54 
954 956 945 965 855 55 
955 957 946 966 856 56 
956 958 947 967 857 57 
957 959 948 968 858 58 
958 950 949 969 859 59 
969 961 950 970 860 60 
960 962 951 971 861 61 
961 963 952 972 862 62 
962 964 953 973 863 63 
963 965 954 974 864 64 
964 966 955 975 865 65 
965 967 956 976 866 66 
966 968 957 977 867 67 
967 969 958 978 868 68 
968 960 959 979 869 69 
979 971 960 980 870 70 
970 972 961 981 871 71 
971 973 962 982 872 72 
972 974 963 983 873 73 
973 975 964 984 874 74 
974 976 965 985 875 75 
975 977 966 986 876 76 
976 978 967 987 877 77 
977 979 968 988 878 78 
978 970 969 989 879 79 
989 981 970 990 880 80 
980 982 971 991 881 81 
981 983 972 992 882 82 
982 984 973 993 883 83 
983 985 974 994 884 84 
984 986 975 995 885 85 
985 987 976 996 886 86 
986 988 977 997 887 87 
987 989 978 998 888 88 
988 980 979 999 889 89 
999 991 980 900 890 90 
990 992 981 901 891 91 
991 993 982 902 892 92 
992 994 983 903 893 93 
993 995 984 904 894 94 
994 996 985 905 895 95 
995 997 986 906 896 96 
996 998 987 907 897 97 
997 999 988 908 898 98 
998 990 989 909 899 99 
