-1.170808445566954 -0.739417604614561 -1.074457201147207 1.201582129406518 0.200547544939222 0.555683608836992 
-0.739417604614561 -1.575319447682060 -0.442934366223429 1.643981275602118 0.413433957461491 2.165941930969421 
-1.575319447682060 0.816894714160784 0.475181622554366 -0.747896631149943 0.228939975121840 -1.072912433623290 
0.816894714160784 -1.525783514329679 0.474660979604124 0.458762400081533 0.467205596541352 0.871427783975580 
-1.525783514329679 0.232145144491806 -1.190607014082518 -1.114299637390188 1.437160121638046 -0.995827194919893 
0.232145144491806 -1.170808445566954 2.046244414907897 0.528153583911007 -1.129832473971898 -0.711495631670687 
0.710946388150043 -2.297158003522556 1.201582129406518 0.822181145129588 -0.980328252117086 0.468498067283596 
-2.297158003522556 -0.526135337751031 1.643981275602118 0.252330827367921 1.127420997567592 0.031649462190454 
-0.526135337751031 1.510888721493790 -0.747896631149943 0.582910973746283 0.000234938094627 0.296055395539694 
1.510888721493790 0.208949468255212 0.458762400081533 -2.220947778970045 2.659889304081020 -0.364885719361135 
0.208949468255212 -0.391801618782207 -1.114299637390188 0.089470209355667 1.842282385199432 -0.893802475367695 
-0.391801618782207 0.710946388150043 0.528153583911007 -0.064774859347696 -0.796027629362430 -0.604228573917012 
-0.533930102585003 -0.926850902001420 0.822181145129588 -0.320451231929098 -0.105729726840634 0.597471250896262 
-0.926850902001420 -1.648419019420215 0.252330827367921 -1.023188952879469 0.068429053269259 -2.343566535251371 
-1.648419019420215 0.127942858765038 0.582910973746283 0.190657811877122 0.526749386235706 0.971627246323911 
0.127942858765038 0.069040561113596 -2.220947778970045 2.192043501679611 0.038493816076509 -0.067913847471641 
0.069040561113596 0.019921305156923 0.089470209355667 -0.882429850808015 -0.312353061125868 0.867726383365634 
0.019921305156923 -0.533930102585003 -0.064774859347696 0.561909143457375 -0.185597809390022 1.521405793121825 
0.195400060760698 1.038925935632061 -0.320451231929098 0.679272278270705 -0.841891022035356 1.058804787547274 
1.038925935632061 0.147838749352324 -1.023188952879469 -0.556723697812420 0.501306680006132 -0.359419133534017 
0.147838749352324 1.169254946794001 0.190657811877122 -0.597930214430630 0.460912605672542 -0.680377711624729 
1.169254946794001 -1.139864395106641 2.192043501679611 0.993119540493991 1.487041102242425 2.425219837833345 
-1.139864395106641 0.764519518844828 -0.882429850808015 0.582938868764009 0.543236573783838 1.168030748310884 
0.764519518844828 0.195400060760698 0.561909143457375 0.155185884920183 -1.732862410992353 1.147080883201270 
0.412987627803724 0.079743110819611 0.679272278270705 0.558736857147981 -1.317626198581976 -0.276504079211446 
0.079743110819611 0.999026691566292 -0.556723697812420 0.316109123325952 0.060213029060214 -0.589271942062724 
0.999026691566292 -0.116787650688150 -0.597930214430630 0.033049194983028 -0.488878018450262 -1.865245742502630 
-0.116787650688150 -1.646212056502407 0.993119540493991 0.444761784980037 0.352901828588240 -0.600366002930831 
-1.646212056502407 0.177810537124040 0.582938868764009 0.224262102081932 0.336157195224231 -0.035585432372269 
0.177810537124040 0.412987627803724 0.155185884920183 -0.365994081420637 -1.312097327080851 1.243762174275748 
0.825905353459292 0.764481803738308 0.558736857147981 -1.074457201147207 -0.147631168775625 -0.793205462441294 
0.764481803738308 0.675891689434159 0.316109123325952 -0.442934366223429 0.962610652635377 0.177988443299905 
0.675891689434159 1.592085619609175 0.033049194983028 0.475181622554366 0.456148123755702 -0.950682598489591 
1.592085619609175 -0.933130041879433 0.444761784980037 0.474660979604124 0.285873392246357 -0.468589059061979 
-0.933130041879433 1.171213841046587 0.224262102081932 -1.190607014082518 0.176636366792078 -0.332548286795806 
1.171213841046587 0.825905353459292 -0.365994081420637 2.046244414907897 -2.383998820912689 1.576610435584092 
-0.560165991838998 -0.737598165252629 1.227692246195129 -0.510740197776784 0.555683608836992 1.615068058956080 
-0.737598165252629 -2.640905219107922 1.881528636020063 1.023772207541840 2.165941930969421 -0.105731744362994 
-2.640905219107922 0.242594303283975 -0.169910491945669 -0.066998144331477 -1.072912433623290 1.624829287840103 
0.242594303283975 -0.695777097156532 1.021897815449902 0.406162049917725 0.871427783975580 2.075550394854436 
-0.695777097156532 0.604823701290398 0.543290591945041 1.444378832702074 -0.995827194919893 -0.730328741252676 
0.604823701290398 -0.560165991838998 1.695563043540548 -0.723804185441220 -0.711495631670687 -1.755470145880661 
0.813968299710416 1.210904239562974 -0.510740197776784 -1.209687154430164 0.468498067283596 -0.237721651176147 
1.210904239562974 0.246143688607307 1.023772207541840 -2.518971500641876 0.031649462190454 -0.354236905884892 
0.246143688607307 -0.146879990950084 -0.066998144331477 0.667584781178686 0.296055395539694 1.752902384968958 
-0.146879990950084 0.038417266861300 0.406162049917725 -0.317361418770077 -0.364885719361135 -0.914485095496980 
0.038417266861300 0.969164352937094 1.444378832702074 -0.882082846852480 -0.893802475367695 -1.701510278291973 
0.969164352937094 0.813968299710416 -0.723804185441220 1.122227306848002 -0.604228573917012 -1.760769276538755 
-0.575048190231147 -0.389204374331166 -1.209687154430164 -0.644343888259753 0.597471250896262 -0.828786748649844 
-0.389204374331166 -0.137699454536980 -2.518971500641876 -0.226846931301319 -2.343566535251371 0.610084635903214 
-0.137699454536980 1.139409280267085 0.667584781178686 -0.324817726596038 0.971627246323911 0.679162828244034 
1.139409280267085 -0.323708066974873 -0.317361418770077 -0.369201306133810 -0.067913847471641 -0.758811559895064 
-0.323708066974873 -1.059586205717366 -0.882082846852480 -3.186610566368257 0.867726383365634 0.545194225810788 
-1.059586205717366 -0.575048190231147 1.122227306848002 -1.562588539147554 1.521405793121825 0.789652093926678 
0.323850082879281 0.349480034280700 -0.644343888259753 -1.340274643935321 1.058804787547274 -0.634604974320911 
0.349480034280700 -1.445920613825026 -0.226846931301319 0.801071360976501 -0.359419133534017 -1.262667027542715 
-1.445920613825026 -2.177122611026401 -0.324817726596038 0.028945332097365 -0.680377711624729 -0.316788710560987 
-2.177122611026401 -0.915563476777989 -0.369201306133810 -0.101903416885145 2.425219837833345 -0.024995477888053 
-0.915563476777989 0.589916780663773 -3.186610566368257 -0.658306273233792 1.168030748310884 -1.828603133690672 
0.589916780663773 0.323850082879281 -1.562588539147554 -0.917879406910204 1.147080883201270 1.204227132936206 
0.173629193853692 -0.229549917459558 -1.340274643935321 1.304877169309209 -0.276504079211446 -1.447184420059453 
-0.229549917459558 -1.212892364494738 0.801071360976501 1.060982935812152 -0.589271942062724 0.029484371784169 
-1.212892364494738 -0.361684797254812 0.028945332097365 0.239559116188588 -1.865245742502630 1.471011344678782 
-0.361684797254812 -0.399936327546692 -0.101903416885145 0.078108383132626 -0.600366002930831 -0.498805837634727 
-0.399936327546692 -1.679647662150973 -0.658306273233792 -2.007499409486118 -0.035585432372269 0.119846846408501 
-1.679647662150973 0.173629193853692 -0.917879406910204 0.439987689953386 1.243762174275748 -0.912581705958649 
1.327143196474208 1.845841487405423 1.304877169309209 1.227692246195129 -0.793205462441294 0.835915430448697 
1.845841487405423 -0.435824751689331 1.060982935812152 1.881528636020063 0.177988443299905 0.809799811246740 
-0.435824751689331 -0.661908452910378 0.239559116188588 -0.169910491945669 -0.950682598489591 -0.176114250451644 
-0.661908452910378 -1.206242523679061 0.078108383132626 1.021897815449902 -0.468589059061979 -0.576362348525186 
-1.206242523679061 -0.274083287123234 -2.007499409486118 0.543290591945041 -0.332548286795806 1.154118751425414 
-0.274083287123234 1.327143196474208 0.439987689953386 1.695563043540548 1.576610435584092 2.096116194265058 
1.327842294855018 -0.492865203823703 1.051046955672544 -0.147432578196278 1.615068058956080 -0.504466608824869 
-0.492865203823703 0.968315953524268 0.253943918804920 0.563317784769204 -0.105731744362994 -0.079577293593749 
0.968315953524268 2.214050750616149 -1.139372450600512 -0.250677212685669 1.624829287840103 0.257847812676834 
2.214050750616149 0.017539473080312 0.795614921809013 -0.986462353547696 2.075550394854436 0.281725290982587 
0.017539473080312 1.572172931282144 -0.110968678676689 -0.731968926227772 -0.730328741252676 0.855239341887244 
1.572172931282144 1.327842294855018 0.075088598243600 -0.395279975529487 -1.755470145880661 0.012316063515289 
0.564794639307966 -0.064035722128473 -0.147432578196278 1.002327984956607 -0.237721651176147 -1.355636682561091 
-0.064035722128473 0.239115090755054 0.563317784769204 -1.203046598474459 -0.354236905884892 -1.220126215533251 
0.239115090755054 0.950960318921738 -0.250677212685669 1.104801320184036 1.752902384968958 -0.120608591377740 
0.950960318921738 -0.839685786610463 -0.986462353547696 0.421991518530486 -0.914485095496980 0.517048666612526 
-0.839685786610463 0.262444126143734 -0.731968926227772 0.170888434820162 -1.701510278291973 0.880672500729899 
0.262444126143734 0.564794639307966 -0.395279975529487 -1.437195140136715 -1.760769276538755 0.940642271413363 
-1.090947392593654 0.170316022028105 1.002327984956607 1.291284232361456 -0.828786748649844 -0.971036413774131 
0.170316022028105 -1.584332279273325 -1.203046598474459 -1.414392881364326 0.610084635903214 0.407328043902152 
-1.584332279273325 -0.825373673955105 1.104801320184036 -0.584931594915551 0.679162828244034 1.028931494675397 
-0.825373673955105 0.980418940550991 0.421991518530486 1.719387156962863 -0.758811559895064 -0.237835284657571 
0.980418940550991 -0.322589973059707 0.170888434820162 -0.298619514787369 0.545194225810788 0.582373288210054 
-0.322589973059707 -1.090947392593654 -1.437195140136715 0.182413608778454 0.789652093926678 0.735938969651121 
-0.111074802984888 0.644649374510760 1.291284232361456 -1.042457430697455 -0.634604974320911 0.706503380754793 
0.644649374510760 -1.206656830903402 -1.414392881364326 1.725438715537525 -1.262667027542715 1.328023402152764 
-1.206656830903402 0.447276283185332 -0.584931594915551 -2.211742641324150 -0.316788710560987 -0.816360381281720 
0.447276283185332 0.125547256695286 1.719387156962863 -0.289495128911371 -0.024995477888053 0.627965635557532 
0.125547256695286 -0.521553600074559 -0.298619514787369 -2.503135924674130 -1.828603133690672 0.349778424131493 
-0.521553600074559 -0.111074802984888 0.182413608778454 0.443053483243721 1.204227132936206 -0.109269439875094 
-0.970701238115775 0.248324498113715 -1.042457430697455 0.677088260120416 -1.447184420059453 1.364604564788267 
0.248324498113715 2.419301646695883 1.725438715537525 -0.363030039171721 0.029484371784169 0.760498176870158 
2.419301646695883 -0.666189210275616 -2.211742641324150 0.135743871219485 1.471011344678782 0.593239477720082 
-0.666189210275616 0.730541354176119 -0.289495128911371 1.757643764676100 -0.498805837634727 -1.542421687370004 
0.730541354176119 0.038206845137540 -2.503135924674130 0.223444774648693 0.119846846408501 0.802072325420157 
0.038206845137540 -0.970701238115775 0.443053483243721 -0.418551719729012 -0.912581705958649 0.454617451221085 
-1.029085632458402 -0.383427959567140 0.677088260120416 1.051046955672544 0.835915430448697 -1.247327189065983 
-0.383427959567140 0.335033874330013 -0.363030039171721 0.253943918804920 0.809799811246740 0.383923015973869 
0.335033874330013 1.357582238949991 0.135743871219485 -1.139372450600512 -0.176114250451644 -0.331768508414739 
1.357582238949991 -0.130054363644694 1.757643764676100 0.795614921809013 -0.576362348525186 -0.764943402182803 
-0.130054363644694 0.299992763678894 0.223444774648693 -0.110968678676689 1.154118751425414 -0.591775961471895 
0.299992763678894 -1.029085632458402 -0.418551719729012 0.075088598243600 2.096116194265058 -0.503465303960181 
-0.269401655325627 -0.064541803343809 -1.209043063966337 -0.908692217713497 -0.504466608824869 1.300157838022024 
-0.064541803343809 0.781026621898314 -1.241617733608931 0.380448349952920 -0.079577293593749 -2.105116526937741 
0.781026621898314 0.686347691685210 -0.067744243215909 0.999875446162526 0.257847812676834 0.482964955532432 
0.686347691685210 0.414389938928503 1.520652736880675 0.638786549395362 0.281725290982587 0.740219706106066 
0.414389938928503 1.151330021161986 0.232668690200509 1.263678303859918 0.855239341887244 -0.177926949377752 
1.151330021161986 -0.269401655325627 -0.460061932019922 -0.805970730901781 0.012316063515289 -1.268988326931500 
1.290828092629861 1.189126372815708 -0.908692217713497 -0.582153727557509 -1.355636682561091 2.004604644956121 
1.189126372815708 1.079017095991022 0.380448349952920 -0.903403611733324 -1.220126215533251 0.525948880103603 
1.079017095991022 -1.268147409085971 0.999875446162526 1.238804923439124 -0.120608591377740 0.291364627728485 
-1.268147409085971 -0.253757746085057 0.638786549395362 -0.159843380132077 0.517048666612526 -1.070488238333294 
-0.253757746085057 1.087632051085849 1.263678303859918 0.600973423916173 0.880672500729899 0.215306721930844 
1.087632051085849 1.290828092629861 -0.805970730901781 0.911095009155922 0.940642271413363 -1.068120871570125 
0.927485891007854 -0.332209386292359 -0.582153727557509 0.820394337923756 -0.971036413774131 -2.021417743885801 
-0.332209386292359 -1.175165716565381 -0.903403611733324 -0.410531670194645 0.407328043902152 0.481399644691613 
-1.175165716565381 -2.460021858531485 1.238804923439124 0.388942430436615 1.028931494675397 -0.784790443532734 
-2.460021858531485 0.720253541102730 -0.159843380132077 -1.013976395893012 -0.237835284657571 0.421744997852086 
0.720253541102730 0.304009156315265 0.600973423916173 -0.039269033066288 0.582373288210054 -1.021349064607135 
0.304009156315265 0.927485891007854 0.911095009155922 -0.543923350524606 0.735938969651121 -0.769520531592497 
0.601730862736788 -2.330053818070553 0.820394337923756 0.117664341130268 0.706503380754793 -0.506901718351900 
-2.330053818070553 0.057946835736682 -0.410531670194645 -0.837940158804292 1.328023402152764 -0.474057680030798 
0.057946835736682 0.509224007587922 0.388942430436615 0.387170539112794 -0.816360381281720 -0.155710567846680 
0.509224007587922 1.008297515980767 -1.013976395893012 0.879004776250964 0.627965635557532 0.632372101601958 
1.008297515980767 0.353510095545807 -0.039269033066288 0.624955303876345 0.349778424131493 -1.343196174234611 
0.353510095545807 0.601730862736788 -0.543923350524606 -1.780352876286782 -0.109269439875094 -0.489001341658140 
3.052995278267337 0.598138252081463 0.117664341130268 -0.510211603797717 1.364604564788267 -0.077476751532171 
0.598138252081463 -0.247541808978284 -0.837940158804292 -0.856253354448567 0.760498176870158 1.055482562614591 
-0.247541808978284 1.218079644405683 0.387170539112794 -0.108386292836250 0.593239477720082 -0.764363170177441 
1.218079644405683 0.307087963351038 0.879004776250964 -0.973959376792132 -1.542421687370004 -0.884622193842833 
0.307087963351038 0.989875573197097 0.624955303876345 -0.584506200981000 0.802072325420157 1.561065590709929 
0.989875573197097 3.052995278267337 -1.780352876286782 0.143253474287815 0.454617451221085 -0.638413919724291 
-0.181361189773484 -1.870957676506942 -0.510211603797717 -1.209043063966337 -1.247327189065983 -0.019167968681895 
-1.870957676506942 1.739807471225967 -0.856253354448567 -1.241617733608931 0.383923015973869 0.612755784293044 
1.739807471225967 1.254019293224951 -0.108386292836250 -0.067744243215909 -0.331768508414739 -1.021137505737102 
1.254019293224951 -1.016699864181370 -0.973959376792132 1.520652736880675 -0.764943402182803 -0.181285696553539 
-1.016699864181370 -1.254262737892542 -0.584506200981000 0.232668690200509 -0.591775961471895 -0.777055392634462 
-1.254262737892542 -0.181361189773484 0.143253474287815 -0.460061932019922 -0.503465303960181 1.026937818855715 
0.220091112786629 -1.617938817881494 0.450764162217160 1.586251958857515 1.300157838022024 -0.592549353692540 
-1.617938817881494 -1.035291022183927 1.152443137656409 0.436709771976101 -2.105116526937741 1.096851071844209 
-1.035291022183927 -0.449055544364385 -1.377156972619414 -0.961675505531175 0.482964955532432 -1.081136003833995 
-0.449055544364385 -0.114203942940242 -1.157900780317979 -2.747494318072946 0.740219706106066 0.138702561609698 
-0.114203942940242 1.599926303797483 0.789131731843471 0.936444890995599 -0.177926949377752 -0.467763670708176 
1.599926303797483 0.220091112786629 -0.470693351812936 -0.356925227788092 -1.268988326931500 -0.386449323737811 
1.048520045214759 -0.861269826016605 1.586251958857515 -1.471542237695919 2.004604644956121 -0.631906621874448 
-0.861269826016605 1.239073393675239 0.436709771976101 0.975459411874827 0.525948880103603 -0.141902955219582 
1.239073393675239 1.124022518921207 -0.961675505531175 0.020382182107065 0.291364627728485 0.995355970589288 
1.124022518921207 1.157381696024603 -2.747494318072946 0.199637548233007 -1.070488238333294 0.679547027787672 
1.157381696024603 -0.917394279101392 0.936444890995599 -0.380060968826380 0.215306721930844 0.141383668257339 
-0.917394279101392 1.048520045214759 -0.356925227788092 -0.108857751530759 -1.068120871570125 -0.419211144561139 
-0.343848466339689 0.942748964900811 -1.471542237695919 1.186912743531831 -2.021417743885801 -0.393649530630272 
0.942748964900811 -0.628499796760754 0.975459411874827 -0.664907176776586 0.481399644691613 2.325342333564488 
-0.628499796760754 -0.892636686277239 0.020382182107065 -0.977600643121228 -0.784790443532734 1.343048771073811 
-0.892636686277239 -0.286583069319170 0.199637548233007 -0.001481937957923 0.421744997852086 -0.073396274102625 
-0.286583069319170 1.193909961942512 -0.380060968826380 0.819228226264630 -1.021349064607135 0.205340368772302 
1.193909961942512 -0.343848466339689 -0.108857751530759 -0.319168149753613 -0.769520531592497 -1.145026930103279 
-0.376258570855666 -1.962983169490488 1.186912743531831 -1.150173774823660 -0.506901718351900 -0.989458261454160 
-1.962983169490488 -0.210884028554071 -0.664907176776586 -0.906957018404441 -0.474057680030798 1.011261767053248 
-0.210884028554071 -0.840913422299918 -0.977600643121228 0.324279826420894 -0.155710567846680 -0.632079612610572 
-0.840913422299918 -0.302143093224816 -0.001481937957923 -0.043771868608908 0.632372101601958 -1.172074265583817 
-0.302143093224816 -1.557301743385755 0.819228226264630 0.127340554996603 -1.343196174234611 -0.520258561784545 
-1.557301743385755 -0.376258570855666 -0.319168149753613 0.310382644940705 -0.489001341658140 0.133726175907891 
-0.198016234087736 -1.190370715518935 -1.150173774823660 0.579185898407369 -0.077476751532171 0.056855981773966 
-1.190370715518935 -0.867105743827002 -0.906957018404441 0.405217895242535 1.055482562614591 0.799077894613681 
-0.867105743827002 -0.311980683925909 0.324279826420894 2.041988325501673 -0.764363170177441 0.969572740644531 
-0.311980683925909 1.256647718193826 -0.043771868608908 -1.256974654146702 -0.884622193842833 1.317536826518250 
1.256647718193826 0.816471286436356 0.127340554996603 -0.829550120158153 1.561065590709929 0.108522636314995 
0.816471286436356 -0.198016234087736 0.310382644940705 -1.553577897160017 -0.638413919724291 0.057075924480870 
-1.046599786669366 -2.210746057281636 0.579185898407369 0.450764162217160 -0.019167968681895 1.513698926952648 
-2.210746057281636 -0.187810133548154 0.405217895242535 1.152443137656409 0.612755784293044 0.116918945256702 
-0.187810133548154 1.572384912167446 2.041988325501673 -1.377156972619414 -1.021137505737102 -0.334213336549564 
1.572384912167446 0.344595397420860 -1.256974654146702 -1.157900780317979 -0.181285696553539 -1.380089525062231 
0.344595397420860 0.900640580592584 -0.829550120158153 0.789131731843471 -0.777055392634462 -0.175014125026530 
0.900640580592584 -1.046599786669366 -1.553577897160017 -0.470693351812936 1.026937818855715 1.592561931376726 
1.006413165054128 0.050057959229742 0.083569309192686 1.674904703792423 -0.592549353692540 0.200547544939222 
0.050057959229742 0.869837417900768 1.178009064082749 0.436856724317564 1.096851071844209 0.413433957461491 
0.869837417900768 0.977902270924286 -0.413541601979280 1.001908600752610 -1.081136003833995 0.228939975121840 
0.977902270924286 0.101661577901303 -1.565466371713262 1.195021660296109 0.138702561609698 0.467205596541352 
0.101661577901303 -0.309071881587787 0.221456224535821 -2.230249094365181 -0.467763670708176 1.437160121638046 
-0.309071881587787 1.006413165054128 -0.710635153145384 1.730907866594501 -0.386449323737811 -1.129832473971898 
-0.298758096937808 -1.243662188781575 1.674904703792423 0.768647879261782 -0.631906621874448 -0.980328252117086 
-1.243662188781575 0.589486151247611 0.436856724317564 1.156090509731649 -0.141902955219582 1.127420997567592 
0.589486151247611 -0.013564248452572 1.001908600752610 0.057359815851710 0.995355970589288 0.000234938094627 
-0.013564248452572 -1.018864568751326 1.195021660296109 0.383849730874046 0.679547027787672 2.659889304081020 
-1.018864568751326 -0.381392652242387 -2.230249094365181 -0.665829612774794 0.141383668257339 1.842282385199432 
-0.381392652242387 -0.298758096937808 1.730907866594501 -0.335463995082457 -0.419211144561139 -0.796027629362430 
0.032457378573492 -0.582813186691498 0.768647879261782 0.495713732538927 -0.393649530630272 -0.105729726840634 
-0.582813186691498 -0.357511919594513 1.156090509731649 -1.547897352601819 2.325342333564488 0.068429053269259 
-0.357511919594513 0.407386261862439 0.057359815851710 0.836594265086821 1.343048771073811 0.526749386235706 
0.407386261862439 0.047915797045751 0.383849730874046 -0.939742648033815 -0.073396274102625 0.038493816076509 
0.047915797045751 -0.687589264513452 -0.665829612774794 0.349727708983432 0.205340368772302 -0.312353061125868 
-0.687589264513452 0.032457378573492 -0.335463995082457 0.219936669560513 -1.145026930103279 -0.185597809390022 
-0.177267196524666 1.587662403779699 0.495713732538927 -1.730591620105415 -0.989458261454160 -0.841891022035356 
1.587662403779699 0.309395245933195 -1.547897352601819 1.151529553112968 1.011261767053248 0.501306680006132 
0.309395245933195 1.393096831020575 0.836594265086821 0.008556972020753 -0.632079612610572 0.460912605672542 
1.393096831020575 -0.568341175113417 -0.939742648033815 -0.609282380481844 -1.172074265583817 1.487041102242425 
-0.568341175113417 0.524911589691551 0.349727708983432 -0.440539796056551 -0.520258561784545 0.543236573783838 
0.524911589691551 -0.177267196524666 0.219936669560513 -0.776517202404004 0.133726175907891 -1.732862410992353 
-0.970032490657038 1.160577801612320 -1.730591620105415 0.799378723087968 0.056855981773966 -1.317626198581976 
1.160577801612320 0.418629645186336 1.151529553112968 0.265886577537232 0.799077894613681 0.060213029060214 
0.418629645186336 -0.702960668270896 0.008556972020753 -0.791364779197190 0.969572740644531 -0.488878018450262 
-0.702960668270896 0.494895408785988 -0.609282380481844 -0.721017583895822 1.317536826518250 0.352901828588240 
0.494895408785988 -0.875024904476885 -0.440539796056551 -0.102865037004649 0.108522636314995 0.336157195224231 
-0.875024904476885 -0.970032490657038 -0.776517202404004 0.246824890298802 0.057075924480870 -1.312097327080851 
-0.533165883448869 0.202641666123269 0.799378723087968 0.083569309192686 1.513698926952648 -0.147631168775625 
0.202641666123269 -1.000654992856025 0.265886577537232 1.178009064082749 0.116918945256702 0.962610652635377 
-1.000654992856025 1.179474074000393 -0.791364779197190 -0.413541601979280 -0.334213336549564 0.456148123755702 
1.179474074000393 -0.407099331666670 -0.721017583895822 -1.565466371713262 -1.380089525062231 0.285873392246357 
-0.407099331666670 -1.183087875613878 -0.102865037004649 0.221456224535821 -0.175014125026530 0.176636366792078 
-1.183087875613878 -0.533165883448869 0.246824890298802 -0.710635153145384 1.592561931376726 -2.383998820912689 
