5 1 30 6 180 36 
0 2 31 7 181 37 
1 3 32 8 182 38 
2 4 33 9 183 39 
3 5 34 10 184 40 
4 0 35 11 185 41 
11 7 0 12 186 42 
6 8 1 13 187 43 
7 9 2 14 188 44 
8 10 3 15 189 45 
9 11 4 16 190 46 
10 6 5 17 191 47 
17 13 6 18 192 48 
12 14 7 19 193 49 
13 15 8 20 194 50 
14 16 9 21 195 51 
15 17 10 22 196 52 
16 12 11 23 197 53 
23 19 12 24 198 54 
18 20 13 25 199 55 
19 21 14 26 200 56 
20 22 15 27 201 57 
21 23 16 28 202 58 
22 18 17 29 203 59 
29 25 18 30 204 60 
24 26 19 31 205 61 
25 27 20 32 206 62 
26 28 21 33 207 63 
27 29 22 34 208 64 
28 24 23 35 209 65 
35 31 24 0 210 66 
30 32 25 1 211 67 
31 33 26 2 212 68 
32 34 27 3 213 69 
33 35 28 4 214 70 
34 30 29 5 215 71 
41 37 66 42 0 72 
36 38 67 43 1 73 
37 39 68 44 2 74 
38 40 69 45 3 75 
39 41 70 46 4 76 
40 36 71 47 5 77 
47 43 36 48 6 78 
42 44 37 49 7 79 
43 45 38 50 8 80 
44 46 39 51 9 81 
45 47 40 52 10 82 
46 42 41 53 11 83 
53 49 42 54 12 84 
48 50 43 55 13 85 
49 51 44 56 14 86 
50 52 45 57 15 87 
51 53 46 58 16 88 
52 48 47 59 17 89 
59 55 48 60 18 90 
54 56 49 61 19 91 
55 57 50 62 20 92 
56 58 51 63 21 93 
57 59 52 64 22 94 
58 54 53 65 23 95 
65 61 54 66 24 96 
60 62 55 67 25 97 
61 63 56 68 26 98 
62 64 57 69 27 99 
63 65 58 70 28 100 
64 60 59 71 29 101 
71 67 60 36 30 102 
66 68 61 37 31 103 
67 69 62 38 32 104 
68 70 63 39 33 105 
69 71 64 40 34 106 
70 66 65 41 35 107 
77 73 102 78 36 108 
72 74 103 79 37 109 
73 75 104 80 38 110 
74 76 105 81 39 111 
75 77 106 82 40 112 
76 72 107 83 41 113 
83 79 72 84 42 114 
78 80 73 85 43 115 
79 81 74 86 44 116 
80 82 75 87 45 117 
81 83 76 88 46 118 
82 78 77 89 47 119 
89 85 78 90 48 120 
84 86 79 91 49 121 
85 87 80 92 50 122 
86 88 81 93 51 123 
87 89 82 94 52 124 
88 84 83 95 53 125 
95 91 84 96 54 126 
90 92 85 97 55 127 
91 93 86 98 56 128 
92 94 87 99 57 129 
93 95 88 100 58 130 
94 90 89 101 59 131 
101 97 90 102 60 132 
96 98 91 103 61 133 
97 99 92 104 62 134 
98 100 93 105 63 135 
99 101 94 106 64 136 
100 96 95 107 65 137 
107 103 96 72 66 138 
102 104 97 73 67 139 
103 105 98 74 68 140 
104 106 99 75 69 141 
105 107 100 76 70 142 
106 102 101 77 71 143 
113 109 138 114 72 144 
108 110 139 115 73 145 
109 111 140 116 74 146 
110 112 141 117 75 147 
111 113 142 118 76 148 
112 108 143 119 77 149 
119 115 108 120 78 150 
114 116 109 121 79 151 
115 117 110 122 80 152 
116 118 111 123 81 153 
117 119 112 124 82 154 
118 114 113 125 83 155 
125 121 114 126 84 156 
120 122 115 127 85 157 
121 123 116 128 86 158 
122 124 117 129 87 159 
123 125 118 130 88 160 
124 120 119 131 89 161 
131 127 120 132 90 162 
126 128 121 133 91 163 
127 129 122 134 92 164 
128 130 123 135 93 165 
129 131 124 136 94 166 
130 126 125 137 95 167 
137 133 126 138 96 168 
132 134 127 139 97 169 
133 135 128 140 98 170 
134 136 129 141 99 171 
135 137 130 142 100 172 
136 132 131 143 101 173 
143 139 132 108 102 174 
138 140 133 109 103 175 
139 141 134 110 104 176 
140 142 135 111 105 177 
141 143 136 112 106 178 
142 138 137 113 107 179 
149 145 174 150 108 180 
144 146 175 151 109 181 
145 147 176 152 110 182 
146 148 177 153 111 183 
147 149 178 154 112 184 
148 144 179 155 113 185 
155 151 144 156 114 186 
150 152 145 157 115 187 
151 153 146 158 116 188 
152 154 147 159 117 189 
153 155 148 160 118 190 
154 150 149 161 119 191 
161 157 150 162 120 192 
156 158 151 163 121 193 
157 159 152 164 122 194 
158 160 153 165 123 195 
159 161 154 166 124 196 
160 156 155 167 125 197 
167 163 156 168 126 198 
162 164 157 169 127 199 
163 165 158 170 128 200 
164 166 159 171 129 201 
165 167 160 172 130 202 
166 162 161 173 131 203 
173 169 162 174 132 204 
168 170 163 175 133 205 
169 171 164 176 134 206 
170 172 165 177 135 207 
171 173 166 178 136 208 
172 168 167 179 137 209 
179 175 168 144 138 210 
174 176 169 145 139 211 
175 177 170 146 140 212 
176 178 171 147 141 213 
177 179 172 148 142 214 
178 174 173 149 143 215 
185 181 210 186 144 0 
180 182 211 187 145 1 
181 183 212 188 146 2 
182 184 213 189 147 3 
183 185 214 190 148 4 
184 180 215 191 149 5 
191 187 180 192 150 6 
186 188 181 193 151 7 
187 189 182 194 152 8 
188 190 183 195 153 9 
189 191 184 196 154 10 
190 186 185 197 155 11 
197 193 186 198 156 12 
192 194 187 199 157 13 
193 195 188 200 158 14 
194 196 189 201 159 15 
195 197 190 202 160 16 
196 192 191 203 161 17 
203 199 192 204 162 18 
198 200 193 205 163 19 
199 201 194 206 164 20 
200 202 195 207 165 21 
201 203 196 208 166 22 
202 198 197 209 167 23 
209 205 198 210 168 24 
204 206 199 211 169 25 
205 207 200 212 170 26 
206 208 201 213 171 27 
207 209 202 214 172 28 
208 204 203 215 173 29 
215 211 204 180 174 30 
210 212 205 181 175 31 
211 213 206 182 176 32 
212 214 207 183 177 33 
213 215 208 184 178 34 
214 210 209 185 179 35 
